1a0
160
110
2c8
80
242
0
0
180
160
110
2c8
82
242
0
0
1a0
160
310
c0
84
242
0
0
188
160
310
c0
84
242
0
0
1a0
360
100
2c8
80
242
0
0
190
360
100
2c8
80
242
0
0
1a0
160
100
2d8
80
242
0
0
180
160
118
2d8
80
242
0
0
180
160
100
2d8
82
242
0
0
180
140
330
c4
84
242
0
0
1b0
140
330
c4
84
242
0
0
180
140
100
2f8
82
242
0
0
1a0
140
130
2c8
80
242
0
0
180
140
130
2c8
82
242
0
0
1a0
160
100
c8
80
256
0
0
1a0
140
110
c0
80
256
0
0
1a0
360
320
c0
84
242
0
0
180
160
110
c4
80
24e
0
0
180
360
320
c4
284
244
0
0
180
140
330
c4
284
244
0
0
1a0
350
310
2d0
80
242
0
0
1a0
360
320
2c0
280
240
0
0
1a0
360
320
c0
284
40
0
0
1a0
360
320
2e0
280
240
0
0
380
150
110
2c8
80
242
0
0
1a0
360
100
2c8
280
240
0
0
380
150
110
c8
280
240
0
0
180
140
330
c4
284
240
0
0
1a0
140
330
c4
284
240
0
0
1a0
360
300
2c0
280
240
0
0
3a0
340
300
2c0
280
240
0
0